2.10925888 0.80531297
1.84212510 4.55935410
5.97755620 8.52854069
7.72045530 3.23545020
6.33821855 3.51965067
2.19566445 6.58481492
3.10070076 6.64630797
1.68743574 3.42405152
7.46805187 5.60392870
6.94209198 0.50165793
2.46233280 4.46081532
1.49010157 4.12715357
4.76658699 0.92337141
6.69552458 5.56049774
1.89372836 3.15502756
8.22952149 1.38567980
5.05893718 0.93390743
3.90573438 0.93990608
6.99558555 9.31779621
2.36185572 3.80117535
4.72558489 1.53839510
3.30491418 5.68866519
2.83642174 7.40760483
3.65801046 2.00655444
8.32504170 9.26163852
7.24298623 1.31709299
2.77729390 5.94435572
1.13263783 1.36841874
8.69321317 5.71819524
0.02760004 8.66104885
2.16270895 7.38721495
5.57044378 4.41975039
0.88847293 5.86384418
2.15288125 2.81350163
4.04473929 0.80955275
4.62335814 3.11636411
0.57735526 3.45504102
1.98991490 7.87250821
3.17403444 5.69828600
4.46251946 2.44692609
6.41187250 6.02172618
5.92425307 5.18304161
0.57570391 1.03931215
1.19927141 6.73402862
4.28502733 0.92080826
6.42471388 9.38219079
8.68021547 8.51981262
2.63758037 4.01775557
6.70288817 8.00979462
4.66452714 0.11118598
