8.28417973 2.29775043
9.79014130 6.70161011
1.18075399 3.18956006
2.79829630 0.42446863
3.22129010 4.21583580
4.73301782 1.36616920
9.52431492 7.91734369
7.54315320 5.05070417
6.50054728 8.83630783
3.09499832 0.21058664
3.13799197 4.59206166
9.71846140 9.87426426
7.44090512 9.19050864
1.81301772 7.68088474
0.33334300 5.02398091
7.92389388 0.49509478
0.30408827 6.43696041
1.66749122 0.25446353
8.78465928 6.32702194
1.37497680 9.46340205
2.82194045 1.92295663
0.66374445 3.88502754
3.67795691 5.34099740
4.98457512 8.38918631
1.28675044 7.40634809
8.99021694 7.44837569
3.02007612 7.20601844
0.33234444 0.55170609
2.86745528 7.20279440
6.77174652 4.30456498
1.03912480 8.42620331
3.25358079 3.95529739
5.13933003 3.02092521
3.93637167 2.43622961
5.98311708 2.15097689
3.12285379 7.85472806
9.43891531 6.15576195
2.67841692 1.02104581
6.28267035 6.69489353
0.66445394 5.04068201
8.44638407 0.83924208
4.99812696 5.38858525
7.49764229 8.23186816
1.33827922 8.56642429
2.97823879 2.73332308
5.68482209 7.11385072
5.77649244 1.51153728
0.07206139 5.84667837
7.99284628 2.99221645
7.56607313 3.35854471
2.31113549 6.64818399
3.44112306 5.65761536
4.25521290 8.45063442
3.31331182 7.12047897
1.25595922 4.59889480
0.18991046 9.74318724
3.09874083 7.59257467
3.74999858 6.99084293
4.89446389 1.62541394
6.15146131 8.87612411
5.58501241 1.74154803
6.27444139 0.42971441
5.57987030 7.25503467
0.12506887 6.72372856
7.46903134 5.38260826
0.81631676 8.94306124
5.75551386 8.07641340
5.66006361 2.94229971
3.12390164 9.45615539
5.03400431 5.34288868
0.29911615 2.69822638
4.84761383 8.00500982
9.06435671 5.59229946
6.07141240 9.93008606
7.64487606 3.40764730
1.21493658 1.35907670
2.57208354 5.45495662
1.91229941 6.57839846
5.29257175 1.76170257
7.52578856 2.63853616
5.65861225 4.09739323
7.89730264 6.42081335
6.83601311 5.16591110
5.22197869 5.44186245
9.22056494 3.88067778
1.89682400 3.82531646
8.39670344 8.72221261
1.16036942 8.94983792
0.93808038 4.23279922
4.28369916 2.28471969
2.20924775 7.89573153
2.14247369 3.85342768
7.43307484 1.44338638
6.12169751 7.08823457
1.78695743 9.45917602
8.93420776 9.04684586
0.68654997 1.25242674
0.57213447 5.82123798
1.21804604 3.53721879
5.49797237 4.81591815
